spiderman.jpg 3
460 150 110 110
720 175 125 125
1060 195 125 125
people.jpg 39
1230 440 70 70
1405 450 70 70
1625 420 75 75
2070 450 70 70
2290 435 75 75
2420 310 75 75
2500 435 70 70
2730 460 70 70
2990 530 75 75
660 1065 75 75
890 1135 70 70
770 1485 75 75
1060 1540 70 70
1270 1620 70 70
1380 1120 75 75
1445 1234 75 75
1580 1150 75 75
1680 1170 75 75
1790 1640 75 75
1910 1120 75 75
2010 1245 75 75
2050 1660 70 70
2100 1160 75 75
2240 1290 60 60
2340 1180 75 75
2465 1290 75 75
2690 1720 75 75
2490 1720 75 75
2630 1300 70 70
2710 1225 75 75
2770 1340 70 70
2880 1280 65 65
2940 1370 75 75
2940 1760 75 75
3040 1340 75 75
3155 1280 75 75
3160 1440 70 70
3240 1810 75 75
3820 1540 70 70